ret
well
layer 1
head
481340 4970450 245.36 0.05 * W-Y   805 z 0.00 0.00 0.20
481365 4970433 245.36 0.05 * W-Y   805 z 0.00 0.00 0.20
481380 4970420 245.36 0.05 * W-Y   805 z 0.00 0.00 0.20
481392 4970393 245.36 0.05 * W-Y   805 z 0.00 0.00 0.20
481405 4970365 245.36 0.05 * W-Y   805 z 0.00 0.00 0.20
481417 4970338 245.36 0.05 * W-Y   805 z 0.00 0.00 0.20
481429 4970311 245.36 0.05 * W-Y   805 z 0.00 0.00 0.20
481442 4970283 245.36 0.05 * W-Y   805 z 0.00 0.00 0.20
481454 4970256 245.36 0.05 * W-Y   805 z 0.00 0.00 0.20
481470 4970220 245.36 0.05 * W-Y   805 z 0.00 0.00 0.20
481497 4970208 245.36 0.05 * W-Y   805 z 0.00 0.00 0.20
481525 4970196 245.36 0.05 * W-Y   805 z 0.00 0.00 0.20
481290 4969960 243.84 0.05 * Y-3   800 z 0.00 0.00 0.20
481305 4969986 243.84 0.05 * Y-3   800 z 0.00 0.00 0.20
481319 4970012 243.84 0.05 * Y-3   800 z 0.00 0.00 0.20
481334 4970038 243.84 0.05 * Y-3   800 z 0.00 0.00 0.20
481349 4970065 243.84 0.05 * Y-3   800 z 0.00 0.00 0.20
480824 4969185 242.93 0.05 * 17-35 797 z 0.00 0.00 0.20
480852 4969192 242.93 0.05 * 17-35 797 z 0.00 0.00 0.20
480874 4969198 242.93 0.05 * 17-35 797 z 0.00 0.00 0.20
480898 4969203 242.93 0.05 * 17-35 797 z 0.00 0.00 0.20
480917 4969208 242.93 0.05 * 17-35 797 z 0.00 0.00 0.20
480932 4969211 242.93 0.05 * 17-35 797 z 0.00 0.00 0.20
480946 4969215 242.93 0.05 * 17-35 797 z 0.00 0.00 0.20
480961 4969218 242.93 0.05 * 17-35 797 z 0.00 0.00 0.20 
480980 4969223 242.93 0.05 * 17-35 797 z 0.00 0.00 0.20
480999 4969227 242.93 0.05 * 17-35 797 z 0.00 0.00 0.20 
481020 4969233 242.93 0.05 * 17-35 797 z 0.00 0.00 0.20 
481050 4969238 242.93 0.05 * 17-35 797 z 0.00 0.00 0.20
481095 4969248 242.93 0.05 * 17-35 797 z 0.00 0.00 0.20
481154 4969261 242.93 0.05 * 17-35 797 z 0.00 0.00 0.20
481216 4969275 242.93 0.05 * 17-35 797 z 0.00 0.00 0.20
481291 4969290 242.93 0.05 * 17-35 797 z 0.00 0.00 0.20 
481300 4969220 242.93 0.05 * 17-35 797 z 0.00 0.00 0.20 
481230 4969205 242.93 0.05 * 17-35 797 z 0.00 0.00 0.20 
481170 4969191 242.93 0.05 * 17-35 797 z 0.00 0.00 0.20
481112 4969177 242.93 0.05 * 17-35 797 z 0.00 0.00 0.20
481066 4969166 242.93 0.05 * 17-35 797 z 0.00 0.00 0.20
481039 4969159 242.93 0.05 * 17-35 797 z 0.00 0.00 0.20
481017 4969154 242.93 0.05 * 17-35 797 z 0.00 0.00 0.20
480999 4969150 242.93 0.05 * 17-35 797 z 0.00 0.00 0.20
480979 4969144 242.93 0.05 * 17-35 797 z 0.00 0.00 0.20
480963 4969140 242.93 0.05 * 17-35 797 z 0.00 0.00 0.20 
480950 4969137 242.93 0.05 * 17-35 797 z 0.00 0.00 0.20
480935 4969134 242.93 0.05 * 17-35 797 z 0.00 0.00 0.20
480918 4969130 242.93 0.05 * 17-35 797 z 0.00 0.00 0.20 
480890 4969123 242.93 0.05 * 17-35 797 z 0.00 0.00 0.20
480868 4969119 242.93 0.05 * 17-35 797 z 0.00 0.00 0.20
480842 4969111 242.93 0.05 * 17-35 797 z 0.00 0.00 0.20 
481270 4967770 243.84 0.05 * 24th  800 z 0.00 0.00 0.20
481258 4967797 243.84 0.05 * 24th  800 z 0.00 0.00 0.20
481245 4967825 243.84 0.05 * 24th  800 z 0.00 0.00 0.20
481233 4967852 243.84 0.05 * 24th  800 z 0.00 0.00 0.20
481221 4967880 243.84 0.05 * 24th  800 z 0.00 0.00 0.20
481209 4967907 243.84 0.05 * 24th  800 z 0.00 0.00 0.20
481196 4967934 243.84 0.05 * 24th  800 z 0.00 0.00 0.20
481184 4967962 243.84 0.05 * 24th  800 z 0.00 0.00 0.20
481301 4967768 243.84 0.05 * 24th  800 z 0.00 0.00 0.20
481331 4967766 243.84 0.05 * 24th  800 z 0.00 0.00 0.20
481362 4967764 243.84 0.05 * 24th  800 z 0.00 0.00 0.20
481392 4967762 243.84 0.05 * 24th  800 z 0.00 0.00 0.20
481423 4967760 243.84 0.05 * 24th  800 z 0.00 0.00 0.20
482099 4969850 240.79 0.05 * 4-22  790 z 0.00 0.00 0.20
482124 4969834 240.79 0.05 * 4-22  790 z 0.00 0.00 0.20 
482150 4969818 240.79 0.05 * 4-22  790 z 0.00 0.00 0.20
482175 4969802 240.79 0.05 * 4-22  790 z 0.00 0.00 0.20
482201 4969787 240.79 0.05 * 4-22  790 z 0.00 0.00 0.20
482226 4969771 240.79 0.05 * 4-22  790 z 0.00 0.00 0.20
482252 4969755 240.79 0.05 * 4-22  790 z 0.00 0.00 0.20
482277 4969739 240.79 0.05 * 4-22  790 z 0.00 0.00 0.20
482303 4969723 240.79 0.05 * 4-22  790 z 0.00 0.00 0.20
482328 4969707 240.79 0.05 * 4-22  790 z 0.00 0.00 0.20
482354 4969691 240.79 0.05 * 4-22  790 z 0.00 0.00 0.20
482379 4969675 240.79 0.05 * 4-22  790 z 0.00 0.00 0.20 
482170 4969270 243.84 0.05 * LRTSW 800 z 0.00 0.00 0.20 
482170 4969350 243.84 0.05 * LRTSW 800 z 0.00 0.00 0.20 
482200 4969270 243.84 0.05 * LRTSW 800 z 0.00 0.00 0.20
482200 4969350 243.84 0.05 * LRTSW 800 z 0.00 0.00 0.20 
482230 4969270 243.84 0.05 * LRTSW 800 z 0.00 0.00 0.20 
482230 4969350 243.84 0.05 * LRTSW 800 z 0.00 0.00 0.20 
482260 4969270 243.84 0.05 * LRTSW 800 z 0.00 0.00 0.20
482260 4969350 243.84 0.05 * LRTSW 800 z 0.00 0.00 0.20 
482290 4969270 243.84 0.05 * LRTSW 800 z 0.00 0.00 0.20 
482290 4969350 243.84 0.05 * LRTSW 800 z 0.00 0.00 0.20 
482320 4969270 243.84 0.05 * LRTSW 800 z 0.00 0.00 0.20
482320 4969350 243.84 0.05 * LRTSW 800 z 0.00 0.00 0.20 
482350 4969270 243.84 0.05 * LRTSW 800 z 0.00 0.00 0.20 
482350 4969350 243.84 0.05 * LRTSW 800 z 0.00 0.00 0.20
ret

